sample	Chromosome	Start.bp	End.bp	n_probes	length	seg_sigma	W	total_copy_ratio	modal_total_cn	expected_total_cn	total_HZ	total_amp	corrected_total_cn	rescaled_total_cn	bi.allelic	copy.ratio	hscr.a1	hscr.a2	modal.a1	modal.a2	expected.a1	expected.a2	subclonal.a1	subclonal.a2	cancer.cell.frac.a1	ccf.ci95.low.a1	ccf.ci95.high.a1	cancer.cell.frac.a2	ccf.ci95.low.a2	ccf.ci95.high.a2	LOH	HZ	SC_HZ	amp.a1	amp.a2	rescaled.cn.a1	rescaled.cn.a2
p1_t1	1	1	249250621	12462	249250620	0.03894	0.0865108651086511	0.5	1	1	0	0	1	0.67426792472446	0	0.6075	0.28038	0.93461	0	1	0	1	0	0	1	0.92084	1	0	0	0.10395	1	0	0	0	0	0	1
p1_t1	2	1	115116963	5755	115116962	0.02106	0.039960399603996	1	2	2	0	0	2	2.20669502637096	0	0.93461	0.93461	0.93461	1	1	1	1	0	0	0	0	0.04656	0	0	0.06088	0	0	0	0	0	1	1
p1_t1	2	115116963	129712734	729	14595771	0.01496	0.005070050700507	2.5	7	7	0	0	7	6.80397633131046	0	1.91595	0.93461	2.8973	1	4	1	4	0	0	0	0	0.03902	0.01	0	0.05492	0	0	0	0	0	1	4
p1_t1	2	129712734	243199373	5674	113486639	0.06714	0.039390393903939	1	2	2.00214	0	0	2.00214	2.20669502637096	0	0.93461	0.93461	0.93461	1	1	1	1	0	0	0	0	0.1164	0	0	0.17552	0	0	0	0	0	1	1
p1_t1	3	1	198022430	9901	198022429	0.01028	0.0687306873068731	0.5	1	1	0	0	1	0.67426792472446	0	0.6075	0.28038	0.93461	0	1	0	1	0	0	1	0.95665	1	0	0	0.03952	1	0	0	0	0	0	1
p1_t1	4	1	191154276	9557	191154275	0.01919	0.0663506635066351	1	2	2	0	0	2	2.20669502637096	0	0.93461	0.93461	0.93461	1	1	1	1	0	0	0	0	0.04429	0	0	0.05736	0	0	0	0	0	1	1
p1_t1	5	1	180915260	9045	180915259	0.0581	0.0628006280062801	0.5	1	0.99985	0	0	0.99985	0.67426792472446	0	0.6075	0.28038	0.93461	0	1	0	1	0	0	1	0.8906	1	0	0	0.15218	1	0	0	0	0	0	1
p1_t1	6	1	35374696	1768	35374695	0.00481	0.012280122801228	0.75	1	1	0	0	1	1.44048147554771	0	0.77105	0.6075	0.93461	1	1	0.99962	1	1	0	0.5	0.4617	0.52502	0	0	0.03334	0	0	0	0	0	0.99962	1
p1_t1	6	35374696	39327455	197	3952759	0.00569	0.001370013700137	0.75	1	1	0	0	1	1.44048147554771	0	0.77105	0.6075	0.93461	1	1	0.99955	1	1	0	0.5	0.46147	0.52537	0	0	0.0344	0	0	0	0	0	0.99955	1
p1_t1	6	39327455	171115067	6589	131787612	0.0028	0.045740457404574	0.75	1	1	0	0	1	1.44048147554771	0	0.77105	0.6075	0.93461	1	1	0.99971	1	1	0	0.5	0.46209	0.5244	0	0	0.03112	0	0	0	0	0	0.99971	1
p1_t1	7	1	159138663	7956	159138662	0.05611	0.0552405524055241	1	2	2.00013	0	0	2.00013	2.20669502637096	0	0.93461	0.93461	0.93461	1	1	1	1	0	0	0	0	0.09825	0	0	0.14718	0	0	0	0	0	1	1
p1_t1	8	1	45697804	2284	45697803	0.03615	0.015860158601586	1	2	2	0	0	2	2.20669502637096	0	0.93461	0.93461	0.93461	1	1	1	1	0	0	0	0	0.06725	0	0	0.09704	0	0	0	0	0	1	1
p1_t1	8	45697804	48663006	148	2965202	0.02138	0.001030010300103	1	2	2	0	0	2	2.20669502637096	0	0.93461	0.93461	0.93461	1	1	1	1	0	0	0	0	0.04691	0	0	0.06184	0	0	0	0	0	1	1
p1_t1	8	48663006	141858107	4659	93195101	0.02038	0.032350323503235	1	2	2	0	0	2	2.20669502637096	0	0.93461	0.93461	0.93461	1	1	1	1	0	0	0	0	0.04578	0	0	0.05939	0	0	0	0	0	1	1
p1_t1	8	141858107	143391095	76	1532988	0.00768	0.000530005300053001	1.5	4	4	0	0	4	3.73912212801746	0	1.26173	0.93461	1.58884	1	2	1	2	0	0	0	0	0.0336	0.01	0	0.03836	0	0	0	0	0	1	2
p1_t1	8	143391095	146364022	148	2972927	0.05796	0.001030010300103	1	2	2.00023	0	0	2.00023	2.20669502637096	0	0.93461	0.93461	0.93461	1	1	1	1	0	0	0	0	0.1011	0	0	0.15181	0	0	0	0	0	1	1
p1_t1	9	1	70606715	3530	70606714	0.04895	0.024510245102451	1	2	2.00001	0	0	2.00001	2.20669502637096	0	0.93461	0.93461	0.93461	1	1	1	1	0	0	0	0	0.08699	0	0	0.12882	0	0	0	0	0	1	1
p1_t1	9	70606715	141213431	3530	70606716	0.03289	0.024510245102451	1.5	4	4	0	0	4	3.73912212801746	0	1.26173	0.93461	1.58884	1	2	1	2	0	0	0	0	0.06224	0.01	0	0.0905	0	0	0	0	0	1	2
p1_t1	10	1	135534747	6776	135534746	0.06681	0.047040470404704	1	2	2.002	0	0	2.002	2.20669502637096	0	0.93461	0.93461	0.93461	1	1	1	1	0	0	0	0	0.11586	0	0	0.17465	0	0	0	0	0	1	1
p1_t1	11	1	67503258	3375	67503257	0.00904	0.023430234302343	0.5	1	1	0	0	1	0.67426792472446	0	0.6075	0.28038	0.93461	0	1	0	1	0	0	1	0.95796	1	0	0	0.03825	1	0	0	0	0	0	1
p1_t1	11	67503258	135006516	3375	67503258	0.00101	0.023430234302343	0.5	1	1	0	0	1	0.67426792472446	0	0.6075	0.28038	0.93461	0	1	0	1	0	0	1	0.96118	1	0	0	0.02997	1	0	0	0	0	0	1
p1_t1	12	1	66925947	3346	66925946	0.00271	0.023230232302323	1	2	2	0	0	2	2.20669502637096	0	0.93461	0.93461	0.93461	1	1	1	1	0	0	0	0	0.03027	0	0	0.03103	0	0	0	0	0	1	1
p1_t1	12	66925947	133851895	3346	66925948	0.00212	0.023230232302323	0.9375	2	2	0	0	2	2.01514163866515	0	0.89372	0.85283	0.93461	1	1	1	1	1	0	0.12	0.08613	0.14804	0	0	0.03053	0	0	0	0	0	1	1
p1_t1	13	1	9466822	473	9466821	0.01488	0.003290032900329	1	2	2	0	0	2	2.20669502637096	0	0.93461	0.93461	0.93461	1	1	1	1	0	0	0	0	0.03897	0	0	0.04831	0	0	0	0	0	1	1
p1_t1	13	9466822	11576166	105	2109344	0.04164	0.000730007300073001	1.1875	3	3	0	0	3	2.7813551894884	0	1.05728	0.93461	1.17995	1	1	1	1	0	1	0	0	0.07567	0.38	0.27361	0.47462	0	0	0	0	0	1	1
p1_t1	13	11576166	115169878	5179	103593712	0.00101	0.035960359603596	1	2	2	0	0	2	2.20669502637096	0	0.93461	0.93461	0.93461	1	1	1	1	0	0	0	0	0.02994	0	0	0.02997	0	0	0	0	0	1	1
p1_t1	14	1	53674770	2683	53674769	0.00171	0.018630186301863	1	2	2	0	0	2	2.20669502637096	0	0.93461	0.93461	0.93461	1	1	1	1	0	0	0	0	0.02998	0	0	0.03023	0	0	0	0	0	1	1
p1_t1	14	53674770	107349540	2683	53674770	0.04278	0.018630186301863	1.5	4	4	0	0	4	3.73912212801746	0	1.26173	0.93461	1.58884	1	2	1	2	0	0	0	0	0.07731	0.01	0	0.11542	0	0	0	0	0	1	2
p1_t1	15	1	102531392	5126	102531391	0.01347	0.035590355903559	1	2	2	0	0	2	2.20669502637096	0	0.93461	0.93461	0.93461	1	1	1	1	0	0	0	0	0.038	0	0	0.04603	0	0	0	0	0	1	1
p1_t1	16	1	90354753	4517	90354752	0.0041	0.031360313603136	0.5	1	1	0	0	1	0.67426792472446	0	0.6075	0.28038	0.93461	0	1	0	1	0	0	1	0.96079	1	0	0	0.0325	1	0	0	0	0	0	1
p1_t1	17	1	81195210	4059	81195209	0.11044	0.028180281802818	1	2	2.12858	0	0	2.12858	2.20669502637096	0	0.93461	0.93461	0.93461	1	1	1	1	0	0	0	0	0.18853	0	0	0.2877	0	0	0	0	0	1	1
p1_t1	18	1	78077248	3903	78077247	0.0229	0.02710027100271	1.5	4	4	0	0	4	3.73912212801746	0	1.26173	0.93461	1.58884	1	2	1	2	0	0	0	0	0.04846	0.01	0	0.06745	0	0	0	0	0	1	2
p1_t1	19	1	59128983	2956	59128982	0.03327	0.020520205202052	1.25	3	3	0	0	3	2.97290857719421	0	1.09817	0.93461	1.26173	1	2	1	1.90793	0	1	0	0	0.06292	0.5	0.41709	0.58159	0	0	0	0	0	1	1.90793
p1_t1	20	1	42024600	2101	42024599	0.10045	0.014590145901459	1	2	2.08056	0	0	2.08056	2.20669502637096	0	0.93461	0.93461	0.93461	1	1	1	1	0	0	0	0	0.17169	0	0	0.26165	0	0	0	0	0	1	1
p1_t1	20	42024600	42424646	20	400046	0.01993	0.000140001400014	1.5	4	4	0	0	4	3.73912212801746	0	1.26173	0.93461	1.58884	1	2	1	2	0	0	0	0	0.04525	0.01	0	0.06013	0	0	0	0	0	1	2
p1_t1	20	42424646	63025520	1030	20600874	0.01906	0.00715007150071501	1	2	2	0	0	2	2.20669502637096	0	0.93461	0.93461	0.93461	1	1	1	1	0	0	0	0	0.04412	0	0	0.05713	0	0	0	0	0	1	1
p1_t1	21	1	24064947	1203	24064946	0.01822	0.00835008350083501	1.5	4	4	0	0	4	3.73912212801746	0	1.26173	0.93461	1.58884	1	2	1	2	0	0	0	0	0.04292	0.01	0	0.05727	0	0	0	0	0	1	2
p1_t1	21	24064947	48129895	1203	24064948	0.01436	0.00835008350083501	1	2	2	0	0	2	2.20669502637096	0	0.93461	0.93461	0.93461	1	1	1	1	0	0	0	0	0.03862	0	0	0.04751	0	0	0	0	0	1	1
p1_t1	22	1	3123242	156	3123241	0.0416	0.001080010800108	0.5	1	1	0	0	1	0.67426792472446	0	0.6075	0.28038	0.93461	0	1	0	1	0	0	1	0.91636	1	0	0	0.11007	1	0	0	0	0	0	1
p1_t1	22	3123242	4346182	61	1222940	0.01014	0.000420004200042	0.125	0	0	1	0	0	-0.475052401510415	0	0.36216	0.28038	0.44394	0	0	0	0	0	1	1	0.9568	1	0.75	0.70495	0.78205	1	1	0	0	0	0	0
p1_t1	22	4346182	17788161	672	13441979	0.02391	0.004670046700467	0.5	1	1	0	0	1	0.67426792472446	0	0.6075	0.28038	0.93461	0	1	0	1	0	0	1	0.94202	1	0	0	0.06776	1	0	0	0	0	0	1
p1_t1	22	17788161	18828259	52	1040098	0.01158	0.000360003600036	0.5	1	1	0	0	1	0.67426792472446	0	0.6075	0.28038	0.93461	0	1	0	1	0	0	1	0.95535	1	0	0	0.04213	1	0	0	0	0	0	1
p1_t1	22	18828259	51304566	1623	32476307	0.0534	0.011270112701127	0.5	1	0.99994	0	0	0.99994	0.67426792472446	0	0.6075	0.28038	0.93461	0	1	0	1	0	0	1	0.89797	1	0	0	0.13993	1	0	0	0	0	0	1
