sample	Chromosome	Start.bp	End.bp	n_probes	length	seg_sigma	W	total_copy_ratio	modal_total_cn	expected_total_cn	total_HZ	total_amp	corrected_total_cn	rescaled_total_cn	bi.allelic	copy.ratio	hscr.a1	hscr.a2	modal.a1	modal.a2	expected.a1	expected.a2	subclonal.a1	subclonal.a2	cancer.cell.frac.a1	ccf.ci95.low.a1	ccf.ci95.high.a1	cancer.cell.frac.a2	ccf.ci95.low.a2	ccf.ci95.high.a2	LOH	HZ	SC_HZ	amp.a1	amp.a2	rescaled.cn.a1	rescaled.cn.a2
p1_t3	1	1	249250621	12462	249250620	0.02267	0.0865108651086511	0.5	1	1	0	0	1	0.917327496105673	0	0.53317	0.09694	0.96939	0	1	0	1	0	0	1	0.96035	1	0	0	0.03849	1	0	0	0	0	0	1
p1_t3	2	1	115116963	5755	115116962	0.04289	0.039960399603996	0.8125	2	2	0	0	2	1.63398960243823	0	0.80581	0.64222	0.96939	1	1	1	1	1	0	0.38	0.32027	0.42695	0	0	0.06459	0	0	0	0	0	1	1
p1_t3	2	115116963	129712734	729	14595771	0.00759	0.005070050700507	1.75	4	4	0	0	4	3.7839759214359	0	1.62373	0.96939	2.27807	1	2	1	2	0	1	0	0	0.02488	0.5	0.46747	0.51794	0	0	0	0	0	1	2
p1_t3	2	129712734	243199373	5674	113486639	0.00108	0.039390393903939	0.8125	2	2	0	0	2	1.63398960243823	0	0.80581	0.64222	0.96939	1	1	1	1	1	0	0.38	0.35069	0.39708	0	0	0.02237	0	0	0	0	0	1	1
p1_t3	3	1	198022430	9901	198022429	0.00981	0.0687306873068731	0.5	1	1	0	0	1	0.917327496105673	0	0.53317	0.09694	0.96939	0	1	0	1	0	0	1	0.97047	1	0	0	0.02682	1	0	0	0	0	0	1
p1_t3	4	1	191154276	9557	191154275	0.04307	0.0663506635066351	1	2	2	0	0	2	2.06398686623776	0	0.96939	0.96939	0.96939	1	1	1	1	0	0	0	0	0.05738	0	0	0.06485	0	0	0	0	0	1	1
p1_t3	5	1	180915260	9045	180915259	0.00188	0.0628006280062801	0.5	1	1	0	0	1	0.917327496105673	0	0.53317	0.09694	0.96939	0	1	0	1	0	0	1	0.97198	1	0	0	0.02255	1	0	0	0	0	0	1
p1_t3	6	1	35374696	1768	35374695	0.01511	0.012280122801228	0.97692	2	2	0	0	2	2.01105706971247	0	0.94926	0.92913	0.96939	1	1	1	1	0	0	0.05	0.01505	0.07313	0	0	0.02971	0	0	0	0	0	1	1
p1_t3	6	35374696	39327455	197	3952759	0.01024	0.001370013700137	0.97692	2	2	0	0	2	2.01105706971247	0	0.94926	0.92913	0.96939	1	1	1	1	0	0	0.05	0.01932	0.06944	0	0	0.02708	0	0	0	0	0	1	1
p1_t3	6	39327455	171115067	6589	131787612	0.03039	0.045740457404574	0.97692	2	2	0	0	2	2.01105706971247	0	0.94926	0.92913	0.96939	1	1	1	1	0	0	0.05	0.00405	0.08597	0	0	0.04798	0	0	0	0	0	1	1
p1_t3	7	1	159138663	7956	159138662	0.00769	0.0552405524055241	1	2	2	0	0	2	2.06398686623776	0	0.96939	0.96939	0.96939	1	1	1	1	0	0	0	0	0.02493	0	0	0.02554	0	0	0	0	0	1	1
p1_t3	8	1	45697804	2284	45697803	4e-04	0.015860158601586	0.625	1	1	0	0	1	1.2039923386387	0	0.64222	0.31505	0.96939	0	1	0	1	1	0	0.75	0.72455	0.77038	0	0	0.02229	1	0	0	0	0	0	1
p1_t3	8	45697804	48663006	148	2965202	0.00293	0.001030010300103	0.625	1	1	0	0	1	1.2039923386387	0	0.64222	0.31505	0.96939	0	1	0	1	1	0	0.75	0.72431	0.77089	0	0	0.0229	1	0	0	0	0	0	1
p1_t3	8	48663006	141858107	4659	93195101	0.00288	0.032350323503235	0.625	1	1	0	0	1	1.2039923386387	0	0.64222	0.31505	0.96939	0	1	0	1	1	0	0.75	0.72431	0.77088	0	0	0.02288	1	0	0	0	0	0	1
p1_t3	8	141858107	143391095	76	1532988	0.01769	0.000530005300053001	0.75	1	1.03713	0	0	1.03713	1.49065718117172	0	0.75128	0.53317	0.96939	0	1	0	1	1	0	0.5	0.46801	0.52869	0	0	0.0333	1	0	0	0	0	0	1
p1_t3	8	143391095	146364022	148	2972927	0.03265	0.001030010300103	0.625	1	1	0	0	1	1.2039923386387	0	0.64222	0.31505	0.96939	0	1	0	1	1	0	0.75	0.70464	0.79156	0	0	0.05006	1	0	0	0	0	0	1
p1_t3	9	1	70606715	3530	70606714	0.02123	0.024510245102451	1	2	2	0	0	2	2.06398686623776	0	0.96939	0.96939	0.96939	1	1	1	1	0	0	0	0	0.03439	0	0	0.03726	0	0	0	0	0	1	1
p1_t3	9	70606715	141213431	3530	70606716	0.01406	0.024510245102451	1.5	3	3	0	0	3	3.21064623636986	0	1.40562	0.96939	1.84185	1	2	1	2	0	0	0	0	0.02822	1	0.96101	1	0	0	0	0	0	1	2
p1_t3	10	1	135534747	6776	135534746	0.0085	0.047040470404704	1	2	2	0	0	2	2.06398686623776	0	0.96939	0.96939	0.96939	1	1	1	1	0	0	0	0	0.02536	0	0	0.02603	0	0	0	0	0	1	1
p1_t3	11	1	67503258	3375	67503257	0.00047	0.023430234302343	0.5	1	1	0	0	1	0.917327496105673	0	0.53317	0.09694	0.96939	0	1	0	1	0	0	1	0.97204	1	0	0	0.0223	1	0	0	0	0	0	1
p1_t3	11	67503258	135006516	3375	67503258	0.01739	0.023430234302343	0.5	1	1	0	0	1	0.917327496105673	0	0.53317	0.09694	0.96939	0	1	0	1	0	0	1	0.96371	1	0	0	0.03287	1	0	0	0	0	0	1
p1_t3	12	1	66925947	3346	66925946	0.01784	0.023230232302323	1	2	2	0	0	2	2.06398686623776	0	0.96939	0.96939	0.96939	1	1	1	1	0	0	0	0	0.02994	0	0	0.03351	0	0	0	0	0	1	1
p1_t3	12	66925947	133851895	3346	66925948	0.00059	0.023230232302323	0.90769	2	2	0	0	2	1.85229061332398	0	0.88886	0.80832	0.96939	1	1	1	1	1	0	0.19	0.16047	0.20666	0	0	0.02231	0	0	0	0	0	1	1
p1_t3	13	1	9466822	473	9466821	0.01279	0.003290032900329	1.375	3	3	0	0	3	2.92398139383683	0	1.29656	0.96939	1.62373	1	2	1	2	0	1	0	0	0.02761	0.75	0.71325	0.76974	0	0	0	0	0	1	2
p1_t3	13	9466822	11576166	105	2109344	0.02475	0.000730007300073001	1.65192	4	4	0	0	4	3.55904721939079	0	1.53817	0.96939	2.10694	1	2	1	2	0	1	0	0	0.03758	0.3	0.2567	0.33608	0	0	0	0	0	1	2
p1_t3	13	11576166	115169878	5179	103593712	0.00893	0.035960359603596	1.375	3	3	0	0	3	2.92398139383683	0	1.29656	0.96939	1.62373	1	2	1	2	0	1	0	0	0.02559	0.75	0.71596	0.76821	0	0	0	0	0	1	2
p1_t3	14	1	53674770	2683	53674769	0.00784	0.018630186301863	1	2	2	0	0	2	2.06398686623776	0	0.96939	0.96939	0.96939	1	1	1	1	0	0	0	0	0.02501	0	0	0.02563	0	0	0	0	0	1	1
p1_t3	14	53674770	107349540	2683	53674770	0.01195	0.018630186301863	1.5	3	3	0	0	3	3.21064623636986	0	1.40562	0.96939	1.84185	1	2	1	2	0	0	0	0	0.02718	1	0.96218	1	0	0	0	0	0	1	2
p1_t3	15	1	102531392	5126	102531391	0.06901	0.035590355903559	1	2	2	0	0	2	2.06398686623776	0	0.96939	0.96939	0.96939	1	1	1	1	0	0	0	0	0.08829	0	0	0.1005	0	0	0	0	0	1	1
p1_t3	16	1	90354753	4517	90354752	0.00555	0.031360313603136	0.5	1	1	0	0	1	0.917327496105673	0	0.53317	0.09694	0.96939	0	1	0	1	0	0	1	0.97147	1	0	0	0.02423	1	0	0	0	0	0	1
p1_t3	17	1	81195210	4059	81195209	0.05145	0.028180281802818	1	2	2	0	0	2	2.06398686623776	0	0.96939	0.96939	0.96939	1	1	1	1	0	0	0	0	0.06721	0	0	0.0763	0	0	0	0	0	1	1
p1_t3	18	1	78077248	3903	78077247	0.00552	0.02710027100271	1.125	2	2	0	0	2	2.35065170877079	0	1.07845	0.96939	1.18751	1	1	1	1	0	1	0	0	0.02381	0.25	0.21821	0.26686	0	0	0	0	0	1	1
p1_t3	19	1	59128983	2956	59128982	0.01019	0.020520205202052	1.47692	3	3	0	0	3	3.15771643984456	0	1.38549	0.96939	1.80158	1	2	1	2	0	0	0	0	0.02627	0.95	0.92037	0.97275	0	0	0	0	0	1	2
p1_t3	20	1	42024600	2101	42024599	0.00725	0.014590145901459	1	2	2	0	0	2	2.06398686623776	0	0.96939	0.96939	0.96939	1	1	1	1	0	0	0	0	0.0247	0	0	0.02526	0	0	0	0	0	1	1
p1_t3	20	42024600	42424646	20	400046	0.03516	0.000140001400014	1.125	2	2	0	0	2	2.35065170877079	0	1.07845	0.96939	1.18751	1	1	1	1	0	1	0	0	0.04825	0.25	0.19128	0.29296	0	0	0	0	0	1	1
p1_t3	20	42424646	63025520	1030	20600874	0.00584	0.00715007150071501	1	2	2	0	0	2	2.06398686623776	0	0.96939	0.96939	0.96939	1	1	1	1	0	0	0	0	0.02397	0	0	0.0244	0	0	0	0	0	1	1
p1_t3	21	1	24064947	1203	24064946	0.00179	0.00835008350083501	1.125	2	2	0	0	2	2.35065170877079	0	1.07845	0.96939	1.18751	1	1	1	1	0	1	0	0	0.02247	0.25	0.22005	0.266	0	0	0	0	0	1	1
p1_t3	21	24064947	48129895	1203	24064948	0.00457	0.00835008350083501	1	2	2	0	0	2	2.06398686623776	0	0.96939	0.96939	0.96939	1	1	1	1	0	0	0	0	0.02338	0	0	0.02368	0	0	0	0	0	1	1
p1_t3	22	1	3123242	156	3123241	0.01007	0.001080010800108	0.5	1	1	0	0	1	0.917327496105673	0	0.53317	0.09694	0.96939	0	1	0	1	0	0	1	0.9704	1	0	0	0.02697	1	0	0	0	0	0	1
p1_t3	22	3123242	4346182	61	1222940	0.01983	0.000420004200042	0.38462	1	1	0	0	1	0.652724379853992	0	0.4325	0.09694	0.76806	0	1	0	1	0	1	1	0.962	1	0.23	0.19401	0.26372	1	0	0	0	0	0	1
p1_t3	22	4346182	17788161	672	13441979	0.01538	0.004670046700467	0.5	1	1	0	0	1	0.917327496105673	0	0.53317	0.09694	0.96939	0	1	0	1	0	0	1	0.96543	1	0	0	0.02985	1	0	0	0	0	0	1
p1_t3	22	17788161	18828259	52	1040098	0.00993	0.000360003600036	0.5	1	1	0	0	1	0.917327496105673	0	0.53317	0.09694	0.96939	0	1	0	1	0	0	1	0.97044	1	0	0	0.02689	1	0	0	0	0	0	1
p1_t3	22	18828259	51304566	1623	32476307	0.04143	0.011270112701127	0.5	1	1	0	0	1	0.917327496105673	0	0.53317	0.09694	0.96939	0	1	0	1	0	0	1	0.94013	1	0	0	0.06232	1	0	0	0	0	0	1
